Weighted mean 3.74755537389
baseline user calculated
3.23958156559 2
3.10760244658 4
3.98650370073 4
2.89124044915 4
3.57761451813 5
4.17022127265 4
4.15404839062 3
3.75357617487 2
4.10272654643 4
4.16216164347 5
3.54637905651 4
3.71832987723 3
2.53595461978 2
3.39428790401 3
3.23429036032 5
3.09321019668 3
3.56981723052 3
4.26614759705 4
2.99810742467 4
3.31608963445 3
3.37475530385 1
3.94857332864 3
4.10108179492 3
4.13336293498 5
3.05149874213 1
3.63779248787 4
4.05135959844 4
3.89240438628 5
4.20203175732 5
3.90849391194 5
3.79332465457 3
3.65823551194 3
3.38721901333 2
3.52467810111 3
3.97634382718 5
3.58711707821 3
3.54258143493 4
3.95421086919 4
3.7488216655 4
3.67080007791 5
3.75704028167 4
3.58135948194 3
3.85722145216 3
3.54409382116 4
3.93909364378 4
4.18702259676 3
4.51112974398 5
3.71867277954 4
3.47743683009 4
3.38441034632 4
3.77782460356 4
3.46930295989 3
3.78750687608 3
4.5835885794 5
3.68223545295 2
2.97026379807 3
3.69280276988 4
4.32111956368 5
3.50463559251 2
3.48051120635 3
3.04699950641 3
4.03243135725 5
3.4496019668 2
3.63376380202 4
3.57022808191 5
3.92642312701 4
3.64810770677 2
3.24643154257 2
3.99521635082 4
4.540823755 5
3.710476823 4
3.34907680535 2
3.77771922226 3
4.51044085931 5
3.38276357525 1
3.82943029085 5
3.62430519376 4
4.55407667299 3
3.86513440529 4
3.66832622235 5
3.84954790475 1
3.90275982654 4
3.98420387255 1
3.54924286536 2
4.22733487867 4
3.68520680539 4
4.415963406 5
4.02233880803 4
4.18654244653 4
3.95385900427 3
3.96390350568 5
3.14784227244 3
3.18829355522 4
3.77322341192 3
3.33106583301 5
3.84950906699 4
3.61730830047 3
3.81435202332 4
3.89831341227 5
3.42271653344 4
4.26908337604 4
3.72446850218 3
3.41055963265 3
3.97622990344 4
3.44253652186 4
4.14714945244 4
3.6994370202 3
3.74323321639 4
3.81447641567 4
4.18927430126 5
4.22136709323 5
3.07973158431 4
3.57394838134 4
4.3033551159 3
4.33638794764 5
3.71421148691 2
3.6091000983 2
3.73750727481 2
3.6152241663 3
3.96734868178 5
4.00023691655 4
4.04084429755 5
4.0253937014 5
3.82470672693 4
3.58067453123 4
3.0337224921 2
4.10511128897 5
3.3719483429 2
3.30354692033 4
4.21620408501 3
3.8088433582 5
4.21959695874 5
3.92187771744 3
3.74298581627 5
3.15714207045 4
3.43813122938 4
3.23493753721 3
3.48918240899 5
3.80456483425 1
3.79123496251 4
3.07268242833 3
3.67008598013 4
3.21839740232 4
4.2026752764 5
3.8062602338 2
4.03901852151 5
3.98514548676 4
3.68876512541 4
2.82785664922 1
4.06027177426 4
4.08352636477 4
3.61713593422 2
3.90792295401 5
3.5696469484 4
3.77751524423 1
4.21829746575 5
3.87025252878 4
4.8179660896 4
4.26232933811 4
3.68768187981 2
3.62060830516 4
3.37319388016 5
3.88097855119 4
3.61745392316 2
2.7620891062 2
3.36913873512 3
3.99039504978 2
3.73580482934 3
3.9128524757 4
3.75679843026 5
4.64350034858 5
4.21902741682 5
3.55445746801 4
3.73286166332 5
4.36534398094 3
3.70453339409 2
3.9207856281 5
3.55846285842 4
3.90035676079 3
3.7321805911 3
3.71126943295 5
4.07623285586 5
3.01580748754 2
4.49409579158 5
3.15344762163 1
4.17808921654 4
4.26578318128 4
4.10093232354 3
3.95130469863 4
3.91367345281 3
3.59010740288 1
3.23065091089 5
3.39446866024 3
4.17895450408 3
4.26409030868 5
3.13711997485 2
3.58382630423 4
3.44574602832 4
3.80053582071 3
3.96562090823 3
4.16271490611 4
3.59739770432 4
3.56758904128 4
3.73694211419 3
3.58638116109 4
3.06428092738 1
4.22649166456 3
3.71486012295 5
3.97141021189 5
3.88761094259 4
4.49662053362 5
3.79956729018 4
4.15535529567 5
3.93019923807 4
3.83497248821 4
3.29600946229 3
3.82364157461 2
4.33825025811 5
3.20577101541 4
4.01184100601 5
3.17868520519 3
3.69565334659 4
3.99223206634 4
3.37008060207 3
3.91085514467 4
3.50464330195 5
4.02180601674 4
3.61961513578 3
3.34077677258 5
3.62242127143 5
3.55896800926 2
3.41941935902 3
3.71076732019 3
3.48434118595 3
3.57886586843 4
3.97071858165 5
4.03283440972 5
3.35578664358 4
3.56844022554 4
3.84840214089 4
4.69775871168 5
3.8434347947 4
4.25311348628 5
4.093066179 5
3.75073803483 4
4.01004397991 5
3.39169337908 4
3.83150794681 5
3.66484772283 4
3.64916008565 1
4.05499610221 4
3.53242278954 1
3.59080934224 5
3.31034464839 3
3.56687591705 2
3.99810923656 3
3.58743673626 4
3.71579425999 4
3.8225826543 5
3.57603900826 3
4.09822508207 4
3.8736214998 3
3.43064771754 5
2.86870285341 4
3.67160987363 4
3.87480890828 4
3.54333707817 4
4.15793232807 3
3.58199985351 4
3.68110919461 4
4.19395113987 5
4.33905265512 5
4.24723729149 5
3.6983115138 2
3.33350882119 2
3.55366508488 2
3.51141168116 4
3.88754996922 3
3.33612559903 2
3.60713559488 4
4.12198170686 3
3.84711213084 3
3.39811784462 3
4.00871319801 5
2.93637853441 2
3.79978808058 5
4.76908464399 4
4.05239503991 4
3.6325779801 4
3.36641540769 4
4.14688457633 5
4.03300443721 5
3.81256092547 4
3.56007580482 3
3.51245996926 4
3.86370106437 4
3.22012642193 2
4.24145783408 5
3.3143626629 3
3.53853539202 4
3.06578193804 2
4.33261310496 5
3.53253337379 3
4.27120471111 4
3.40140497718 5
4.36735784769 5
4.07859027676 4
3.69545362896 4
3.95730536774 4
3.52754854922 2
3.22383637443 3
3.87425739136 3
3.41027736017 1
3.59775107894 3
3.49999843412 4
3.54035875621 4
3.72544071536 2
3.8829095539 3
3.70120222032 3
3.44686867441 5
4.09600672273 5
3.44934488302 3
4.02343510372 5
3.26844601893 4
3.07532752373 4
4.3114904263 4
3.88963433586 4
3.41758666061 2
3.78951797677 5
3.88089984802 2
3.6429771622 3
3.74154275676 4
3.82244196886 4
3.63318385521 3
3.5960259873 5
3.83411672482 5
3.55874638408 3
4.21853624205 1
3.64880766523 4
3.93241273747 5
3.6819108571 4
3.35372783486 1
4.55093502351 5
3.73255831326 4
3.09506721125 4
3.37850539339 2
3.76155996922 4
3.26193209875 4
2.92480133551 4
3.2639164758 4
3.65271581024 5
3.86685223401 4
3.36537970169 3
3.72748276033 4
3.61567789565 5
2.89315239258 3
4.50675782153 5
3.63479281833 4
3.35991589853 4
3.80786399434 4
3.66075589532 4
3.95749308321 3
3.33828396495 1
3.76402228094 4
3.57805879105 3
3.94241756614 4
3.66065238695 2
4.0578384673 5
3.87902819862 3
3.28248382885 2
3.35269283708 2
3.99234964249 5
3.51377107401 5
3.69466675273 5
3.9229148876 3
4.12285486583 3
3.58404171963 3
3.3284297309 4
3.66831817807 4
4.17930503656 4
3.98439280824 4
3.94120157716 5
3.91477822069 2
4.14555557417 4
3.49241944941 2
4.36699932081 3
3.46009137114 3
3.57390702531 4
3.96343800604 4
3.31930785046 5
4.07305686415 4
3.94473211925 4
3.73691899575 3
4.15182681213 5
3.92521799425 4
4.71370997798 5
3.55191802979 2
3.79705199853 4
4.00205287301 4
4.24839654861 5
4.04277073195 3
2.59845478792 4
3.91542642797 4
3.91182072383 5
4.00085554563 4
4.24751985115 5
3.44487245622 5
3.3548650852 1
3.83542271067 4
4.59959263372 4
4.11152752838 3
3.85597783616 5
3.4629045961 3
4.44602319694 4
3.21583911041 3
4.05847557049 3
4.19065725394 5
3.52456623089 4
4.24311102621 4
3.72481637503 3
3.79868586704 3
4.19161827906 5
3.67156154031 5
3.41759951181 3
3.71031986099 4
3.75671898744 3
3.19101053884 2
3.82990618682 3
3.84133902233 3
3.6472506497 3
3.90394714011 4
3.35861891763 3
4.37705527075 5
4.27919885368 5
3.33198944028 2
3.83035108815 4
3.27132059601 3
3.74985677223 3
3.78222124783 4
3.078873774 2
4.05095450842 2
3.95577790726 4
3.52403925844 4
3.63504691998 2
3.43946487299 3
3.63562185358 4
3.85215575726 3
3.70022666077 4
3.48353264384 4
3.91647309142 5
3.88813365729 3
3.58157495957 4
3.59422705903 4
4.08653375857 4
4.11902503863 4
3.89901026666 3
3.80878127297 4
4.18659604114 4
3.28630388994 4
3.2473002858 4
3.71443852121 4
3.80685174311 2
3.78520228171 3
3.8488918224 4
4.06439426092 4
3.90151819354 5
3.58490001427 4
3.96711203775 5
3.43729501534 5
3.64913919368 3
3.92358079341 4
3.72422073014 2
3.96843919375 3
3.41280800362 5
2.9476646287 2
4.12527312717 5
4.34084542544 4
4.44846431202 3
4.1435640408 5
3.58135834262 3
3.2465535736 2
3.85988934275 5
3.59806613258 3
3.9875802913 4
4.01936812061 5
4.10077037359 5
3.58515763743 3
3.45420370737 4
3.42885719103 4
3.67779793001 4
3.70787840886 3
3.8463845059 5
3.72409383794 1
3.98244344336 5
3.71780740571 5
3.78480630372 3
3.88406482345 5
3.70541993139 4
3.99724791656 4
3.2459763808 2
3.99310350587 4
3.63707768741 4
3.62073282486 5
3.39193889477 2
3.55518790092 4
4.1475805347 2
3.88866635796 5
3.26352054003 2
3.52862299154 3
4.29094745965 3
4.09773517666 5
3.65593408067 5
3.40715755057 5
3.50704807335 4
3.62662726175 4
3.13432082978 3
4.09785205091 4
3.63547622981 4
4.16967913841 4
3.77319864815 1
3.95945398774 4
3.71665796453 4
3.71034333231 4
3.12525600308 1
3.53458217046 4
3.63296017891 4
4.08362335174 3
3.90042351613 4
3.98554015744 4
3.99186341383 4
3.79477955786 4
4.55357124827 5
3.25381124999 2
3.85901669415 3
4.21662806036 3
3.82773698686 4
3.95608029037 2
3.49920935785 5
4.09197417951 4
3.47288755315 1
3.77730962337 4
3.85888130165 3
3.21161801806 3
3.29406011179 4
4.05041437453 4
3.08341608913 3
3.88031296089 4
2.98799908453 3
4.39802759908 5
4.12617577805 4
4.09522683302 4
4.07417309761 4
4.28769227314 4
4.20525824014 5
3.81794993097 4
4.41962332373 4
3.15939449347 2
3.20239598576 4
3.8844049057 5
3.12697049958 2
3.82099283826 4
4.2279425374 4
4.08261568546 5
3.80931632618 4
3.60155060757 4
4.11913236049 5
4.11375636684 5
3.85094209544 5
4.51761493748 5
3.91423342721 3
4.03856318824 2
3.09180621096 3
4.17892701011 5
3.85968510353 5
2.97527507214 1
4.56798434515 4
3.44746310978 3
3.58216758593 2
3.7072582404 3
3.78098823373 5
4.04829009464 3
4.05788500734 5
3.6012969181 3
3.69596051243 5
3.4509111084 5
2.8769964639 3
3.0724730905 1
3.22593620033 3
4.48016817203 4
3.95794920377 3
4.35321156448 5
3.61226529929 5
3.25768315669 3
3.0413436586 3
4.32408141964 4
3.32315610079 4
3.4457381774 4
4.10236159048 4
3.59671732051 1
3.06484040455 1
3.78784784664 2
3.49683985537 3
4.39277917785 5
2.97373691592 3
3.52829631884 1
3.56419003544 2
3.03002912037 3
4.10096966324 4
3.72780923984 4
3.64532199386 5
3.59318075096 3
3.80251215665 3
3.36203824423 4
3.7658819273 4
3.67777252624 4
4.26008056161 5
4.3148323517 5
2.62589219423 5
3.43474026963 3
3.83859618237 2
3.92622261662 4
3.97557914768 4
3.62247724426 5
3.96019282219 3
3.24527466512 4
3.49101712217 2
4.1166516107 3
3.19213344891 2
3.83305002128 3
3.41543821405 5
3.63374936766 5
3.91952342743 2
3.13163200203 3
3.68993138943 5
2.79573527648 1
4.33310580253 5
2.77392491275 1
3.56215331486 4
4.24247175433 5
3.80970964288 4
3.2379929078 2
4.16500293359 5
4.13354126875 5
3.59287807298 5
2.95919412651 2
3.6130680821 2
3.85241563173 5
3.99904318811 5
3.97266637296 5
3.36390619343 4
4.243805575 5
3.95225320635 4
3.14317243207 3
3.4690907216 3
3.23247201343 2
3.54476000448 2
3.26721268438 4
3.69993389079 5
4.02592505757 4
3.85894304525 1
4.00744861911 4
3.67419550342 4
3.9396343469 5
3.61163967961 1
3.44096068958 2
3.91385107035 4
3.56569216271 4
3.5590081696 2
4.20077430576 3
3.55015297836 1
3.60597125671 4
3.55120186648 1
3.60464286683 3
3.72257444323 4
4.03232263325 2
3.97211616011 5
4.0643920627 5
2.85812872359 1
3.4513511122 2
3.78950197296 4
4.50956361127 5
3.77674547145 5
4.16064020891 4
4.08355732891 4
4.04353034869 4
4.37106881473 5
4.02496716702 4
3.65687149102 3
3.91984913385 4
4.12824088353 1
3.7080742977 4
4.84575114213 5
3.17042959419 3
3.97420959223 5
3.30398857489 4
3.43277055047 4
3.7123906104 1
3.57616047765 4
4.11692971763 4
3.67732273484 4
3.77967609508 3
3.70234023549 2
3.76200797913 4
3.43325463754 4
3.19803899541 4
2.18544199483 2
3.56407455126 4
3.48894473019 4
3.82836495388 4
3.86229677261 4
3.14849567716 4
3.86621876248 3
3.58255091598 4
3.88262449802 3
3.7935785931 5
3.84805708273 5
3.36950882052 3
3.282344198 3
3.98649904827 5
3.92617347658 1
3.83870401422 4
3.3097495889 2
4.36099105594 5
3.92367289771 4
3.67804396627 2
4.30228983154 5
3.74115690367 3
3.05636150605 2
3.80535701313 4
2.94506638051 4
3.63578080594 2
3.7749613284 4
4.45430674536 1
3.82017235529 5
4.09216218641 4
4.11837787035 5
2.46921086715 2
3.29206817248 2
4.0786219214 5
4.18027290589 5
3.64568626927 3
3.62346138659 4
3.73127618112 4
4.09022348819 5
4.15892444028 4
3.45061463831 2
3.42745472252 4
3.92737136768 5
4.17051216831 2
3.71640782194 5
3.68675146308 4
3.85159564884 5
3.87209877219 5
3.77892832614 4
3.11797753963 2
3.51419380775 4
3.78439498603 5
2.88035942123 4
3.74176804921 2
3.30117168292 1
3.81478207367 5
3.51376488961 4
3.70223100895 5
3.17112715577 3
3.64023026087 4
3.66068266268 1
3.93993037151 2
4.19405187651 4
4.23915145701 1
3.68048948907 5
4.04058811784 4
3.97898414962 3
3.8334689084 3
3.46500468404 5
3.94264490407 5
2.77171905947 3
4.69360587913 5
3.71619119331 3
3.98313363536 4
3.9959863101 4
4.04843581561 5
3.94105975539 4
3.67652906688 3
3.63046072422 3
3.35493854013 3
3.61624554385 3
2.66539024159 4
3.65752486322 5
3.55634699229 4
3.65423886855 5
3.86900473928 4
3.50420708415 4
3.69783578313 4
3.61851064887 1
3.60383655648 4
4.43326376348 3
3.47441979194 5
2.81624501615 4
4.06556526799 5
3.64054734789 4
3.5173408681 2
3.68670761125 3
3.40992321755 4
3.81394231494 4
3.64565927168 3
3.85240617269 4
3.75393004316 4
3.59294582983 4
3.96016738652 4
3.78298827509 4
3.7575378834 3
3.7868894821 4
3.59488959092 4
4.07440851345 5
3.31919260436 3
4.07088082815 4
4.04161761745 3
3.22826758268 3
4.48202404401 4
3.46386915576 5
3.562969051 4
3.97338817245 4
3.82259136393 5
4.01391954305 4
4.2644996809 5
2.97131904043 2
3.9476686911 4
4.59072119722 5
3.85137467211 2
4.13333505308 4
3.9973206272 4
3.98505456197 2
4.05299538323 5
3.6119792236 5
3.50066732538 4
3.86082484937 3
3.67898582422 5
3.50129477173 2
3.83669653528 4
3.21800149633 3
3.86334679378 4
3.57125825371 4
3.75464452153 5
3.63260648724 5
4.06609158823 5
3.83377275955 5
3.59818564397 5
3.71608554382 4
3.89525712025 4
3.96558509328 5
3.55911457675 4
4.4874202316 5
4.35581927646 5
4.0028811285 3
3.86406118716 3
4.08561038274 5
4.28869524341 4
3.18154804183 4
3.38898335177 4
3.93565627447 3
3.85264514178 4
4.21139448808 5
4.21529373289 5
4.6663146187 5
4.10423857235 4
3.58652698162 5
3.3806489327 4
3.64955927662 4
3.62029397295 4
4.82069238444 5
3.12770003852 4
3.65252101303 3
4.59822155113 5
3.6601330177 4
4.13289885019 1
4.0555524424 2
3.56278776738 4
4.14466431406 5
4.03475616328 4
3.98388138604 5
3.64031257727 3
3.40644623826 2
3.88550945017 4
3.45706351378 4
3.90536014808 3
3.10181146535 3
3.78765187652 5
3.04426937013 3
3.4522723364 3
4.13812662775 5
3.98140585561 4
4.17084321475 5
3.46121010132 3
3.84079503043 4
3.82942572345 4
3.93986150189 4
4.16475274772 5
3.95529511337 4
3.78815528006 3
3.74841854005 4
3.31543743161 2
4.4865489777 4
3.71376066803 3
4.14375842649 5
4.07304228481 3
3.96316782936 5
3.52003387469 3
4.08840946112 4
3.12545400784 2
3.98467213986 4
3.81483362117 5
3.7045914028 5
4.01983101848 5
4.13606946473 5
4.4190625995 4
3.04342458316 5
3.99322023415 5
3.83259905406 2
3.09353835407 1
3.58480441904 2
3.91271217103 4
3.94495258409 3
3.41992080627 5
4.29584188554 5
4.22857724261 4
3.49469775123 4
3.96319142919 4
3.66201131025 2
3.84272709277 5
3.84578001678 4
3.30755776173 2
3.54793732465 4
3.63756908781 5
3.94714255582 4
4.24211346942 4
3.96091868548 3
3.96798291993 4
4.28834648756 4
3.67005270484 5
3.72780801006 3
3.79266611394 4
3.93781461118 5
3.9366079043 4
3.61190498288 4
3.36024954978 2
3.41963014599 3
3.72030023471 5
3.2802255358 3
3.5990766393 2
3.116372246 4
4.30140677385 5
3.52171097692 4
3.92586311791 4
3.93107986367 2
4.17924959226 3
3.70251544518 4
3.85156297899 3
4.00446383813 3
3.70568463346 4
3.32304214613 4
3.9106361592 5
3.66560633015 3
3.64688528169 3
4.42813059468 4
3.12127860976 2
4.11034406934 5
3.36146043281 5
3.73798324968 3
3.49965375237 3
3.12824999101 4
3.70871769994 4
4.07918722701 4
3.84183405285 4
3.51708657223 4
3.69762087402 3
3.6604368247 4
3.53881164448 5
3.75740320361 5
3.54047301736 1
3.65661340397 3
3.97880755414 4
3.9289059522 4
3.61887928359 4
4.03439215621 3
3.7142054749 4
3.8292199605 3
3.80871819449 4
4.08550355542 5
2.3212328315 1
3.78505270919 4
3.7329839087 3
3.81099382155 5
3.89250441478 4
4.11069275306 5
3.70959724918 3
3.5060078412 3
3.95438111901 4
3.28449696141 4
3.94605805828 2
3.39612669118 4
3.87433143235 4
4.19477825073 5
3.41011647418 5
3.81096976539 4
3.96245996191 4
3.87370409989 2
3.45591994072 5
4.45590331922 5
4.0448317171 4
3.77921838308 3
3.73747393046 5
4.15855566414 5
2.82244236075 4
4.23940742635 4
3.45960314561 3
3.61343262425 3
3.65542893496 3
3.66178044214 3
4.55686285675 5
3.89551488668 4
4.47466467928 5
3.35141397455 3
3.95268595844 2
4.17351140257 5
3.56819823142 3
2.76736406463 4
4.08493086367 5
4.23257494286 5
4.07354636414 5
3.13517790846 1
3.57746677535 4
3.2698213197 2
3.27151271915 1
4.08455910584 5
3.45594331522 3
3.38465389008 4
3.11474419794 1
3.9811280541 5
3.26804835344 5
3.4460445414 3
3.98887319562 4
3.58634721052 3
4.09487381599 5
4.14915534712 3
3.98247560916 3
3.18694736662 4
3.89112261539 2
3.48370027104 5
3.35635647582 4
3.91747549974 4
3.13531135593 5
3.62477044306 5
3.99542269007 5
4.0875378334 5
3.34189929516 5
4.04114662606 4
2.7680417808 3
4.02630619315 3
3.56692954773 4
3.98823723403 4
4.26097472695 5
4.0204211329 4
3.93923578035 5
3.56648945279 4
3.34921145845 4
3.67527813568 4
3.61970212287 5
3.8478450889 4
3.63908855556 4
4.18077944873 5
3.3613543466 2
3.10372608965 1
4.0366663553 3
3.52541185022 1
3.79062987168 4
4.0259568512 4
4.17318384062 4
3.36099699285 4
3.83411672482 4
3.80249564054 4
3.88730976604 5
3.55548528581 5
3.47001815178 3
4.28319295063 4
3.22494408496 4
4.08377304716 3
3.72023233944 3
3.90412760331 4
3.07367524439 4
3.33887861083 3
3.83357672283 4
3.39546012676 3
3.90097222733 3
4.09719098621 5
3.72800053848 4
3.87432842594 5
3.67068772856 3
4.38289610345 4
4.13655704477 5
3.71707601038 3
4.12205324709 4
3.58815931639 4
2.96656660789 3
3.36473374999 4
3.40834938799 4
3.30786339149 5
3.82848594065 4
3.97430447431 4
3.96295003341 1
3.59158722865 4
4.00716287362 5
3.85845873813 4
3.73586928342 4
3.8993707551 4
3.28951571767 1
3.52412727632 4
3.10698113608 5
4.05136085861 4
4.03552333973 4
3.77543705846 4
3.93085422262 3
3.6040003378 2
3.72598750862 3
4.01070108908 2
3.73540205808 4
3.78797590533 4
4.56141649024 5
3.83292129755 3
3.21269753614 4
3.31290707693 5
3.40285123989 5
4.20793616243 4
3.90099935752 2
4.11702759564 1
4.64896453169 4
3.22384118232 5
3.54540956276 4
3.94355707869 5
3.76136306399 5
3.29095026319 2
4.51300558872 5
4.27020673938 5
5.00981817346 5
4.37586991356 4
3.7123906104 5
3.42803636426 5
4.0014352891 4
3.02649088549 4
3.30365497975 3
3.9631222477 4
4.21871043956 4
4.04984132926 4
3.12003034218 4
3.40439429914 4
4.2518507373 4
3.96375875477 5
4.17120849084 4
3.23892890117 1
3.89767078365 4
3.94830480961 4
3.69917282153 3
4.24225196541 4
3.60115379001 5
3.70457779314 4
4.38166770324 5
3.76248512614 3
3.66274885558 3
4.3178169501 5
3.1014501422 2
3.66521348735 4
3.87859737651 5
3.71999475744 5
3.65379584913 4
3.43724676805 1
3.78849627972 5
4.17960756873 3
3.66280711125 4
3.65780694587 4
4.24673654929 5
2.69849429535 1
3.79692482498 2
4.90838042898 5
3.17523594357 4
3.766362906 5
3.77973384595 3
3.58342831125 4
4.35020313202 5
3.49002520003 5
3.38345007474 4
3.43665643786 2
4.2627395102 5
3.98452816124 5
3.42659176615 5
3.7548356908 4
3.63914798438 4
3.22850141448 4
3.80912451663 3
4.08732185245 5
3.6292708807 5
3.77178538061 5
2.64380761629 4
3.44931871366 2
4.49715572655 5
3.13970815805 1
3.65945372862 3
4.04053179391 4
3.78364632914 5
3.73142162112 4
3.1445225762 3
3.78243741193 5
3.61109336579 3
4.25938937243 5
3.57983253655 3
3.82815228116 4
3.59594258189 3
3.56699185706 4
4.06748323141 4
3.96519796917 3
3.20114212521 1
3.61948129922 4
4.23862851732 5
3.6104934098 4
3.67528880888 3
4.00521850447 4
3.75528540464 3
3.51046300565 3
3.19384986459 4
3.65552733789 4
4.12399708814 4
4.34066878244 5
4.06411411638 5
3.81248798147 5
3.53568698536 4
4.41061655163 5
3.58255091598 4
3.56306936157 5
3.48686609742 3
3.8863901884 4
4.15874920195 2
3.71370348696 4
4.32113311039 5
3.8928572981 4
3.66981522405 1
3.9381510555 5
4.23950712409 5
3.91752288584 4
4.3242491987 5
4.03118809065 4
4.14591741466 4
3.84523481688 4
3.84174114822 3
4.33371995936 5
4.04976166734 4
4.76985108667 5
3.99548895758 3
3.63379473398 3
3.4212325193 4
3.80786442071 2
3.09864609667 5
3.95092507884 5
4.18152552269 5
3.88368093781 5
3.94508516581 4
4.22637386965 5
3.75846448357 5
3.95637014405 5
3.78584581643 2
3.4876177208 1
4.1982282703 4
3.55956236051 3
3.68318112172 4
3.97956519133 4
4.23503317394 5
3.1168493864 3
3.76489363641 4
3.58187938013 3
3.365655189 4
3.83776223461 5
4.01628596301 4
3.08597848082 3
3.57494803948 3
3.99431606025 4
3.79771180952 5
3.90920773092 3
3.85252721266 3
3.67682724895 3
3.58123582934 2
3.14344595737 2
4.5178499905 5
4.34372722014 5
3.28016635673 3
3.75723948243 4
3.55597709358 4
3.40194506359 2
4.04722584923 4
4.06477546613 5
3.82599728469 3
3.44061260838 2
3.8626445681 3
3.89851899628 3
3.94168355976 4
3.24175281932 4
3.77167030051 4
3.07531619492 3
3.47577129518 3
4.99796990286 4
3.89204207333 5
2.53124918385 2
3.79241141077 4
4.01864193015 4
4.03172760888 5
3.72196803648 3
3.43870925908 3
3.51927394713 4
3.97295186416 4
4.27436700619 4
3.79456861441 3
2.60772721156 1
3.47234350115 3
3.55439954138 5
3.54063860548 4
3.68990191095 5
4.35913558951 4
4.48433178016 5
3.83554768684 3
4.30634806698 4
3.44429570675 3
4.02638975547 3
3.50255149926 3
3.93633462451 3
3.67010382788 3
3.67904665037 3
3.64445034178 4
3.82074939283 4
3.43218567932 4
3.51517074068 4
3.88827445334 2
3.49297269025 1
4.6336448438 5
3.40578006038 5
3.82098278606 4
3.61722472579 3
3.32433025848 3
3.88184487373 5
3.04392206308 1
3.73222306232 4
3.54332054608 3
3.90791222807 5
4.31456532756 5
4.22457753134 3
3.77020138113 2
3.86632917926 4
4.02828731984 4
3.73720994409 3
3.81905691981 3
4.24657229655 5
3.98536678961 5
3.90018714019 4
3.58001042773 4
4.15987864292 4
4.13091317592 2
3.72910276234 3
3.81417845666 3
3.80714808641 4
3.74302284612 2
3.00086917979 1
3.89936301192 4
3.97006018922 4
3.1780224148 3
3.51092220684 3
3.51328788206 4
3.42130950857 4
3.73470232172 4
4.27797011134 5
3.86406842357 4
3.92383192812 4
4.05338136861 5
4.0248806544 4
3.91945578353 3
3.79811715012 5
3.31692691363 4
3.54801541573 4
3.79543142673 5
4.01177868071 5
3.92264566589 4
4.12808626827 3
4.3161392865 4
3.93489596866 4
3.78030200014 4
3.90359894231 5
3.91418494789 4
2.94895718612 4
3.53869077319 4
3.6408115758 4
4.45583955052 5
3.94323680604 4
3.42486390244 4
3.79876751094 4
3.63698357621 2
3.84189053467 1
4.33800547206 4
3.96877049919 4
4.24011757937 4
3.47284218136 4
3.95626805908 2
3.22445120924 1
3.92451205688 4
3.80093436204 5
3.72541334903 3
3.58534711648 4
2.86616990552 2
4.06540219277 5
4.19939329235 4
3.92132949201 4
3.40310077809 4
4.14748428258 4
4.09932283592 4
3.49681929554 3
3.53098601037 2
3.59533077888 4
3.70574213094 4
3.45405148116 3
3.19119325314 4
5.05910464201 5
4.03555864526 4
3.79410449679 4
4.08868907491 5
3.82643946307 5
4.19095683083 3
4.21189623182 5
3.84822654817 5
3.76580558062 4
4.20180918513 4
3.98127471465 5
4.24023991855 3
3.83440218804 4
3.49861235047 5
3.27861096139 1
3.79535226844 4
3.90081555306 3
3.83510951092 4
3.99337188174 4
3.65795609554 3
4.16198353992 3
3.48470592364 4
3.28499579632 3
3.33579175635 4
4.02882920498 4
3.59842915427 3
3.06234734404 4
4.68464577447 5
4.01561153389 4
3.43916814274 5
3.89432180188 5
3.68314140223 3
3.54521835782 1
4.08060755078 5
3.51115746759 3
3.53913591819 4
3.64148187795 2
3.68515871308 4
3.87047171338 3
3.55604361303 4
3.34704352443 4
3.85579758753 5
3.33200317856 3
3.90147403729 5
3.83490618568 2
3.35946545401 2
4.30052868568 1
3.50963162013 3
3.63869365977 3
3.75309598592 2
3.86559826343 1
3.67947982185 5
3.89502184019 4
3.74549739883 4
3.96002376924 5
3.7065094793 3
3.86326955511 5
2.53529153431 1
4.00941685223 5
4.49457442625 5
3.68283792547 5
4.23340767731 5
3.69133361437 4
4.16484975175 3
3.54462715285 5
3.63049618255 5
4.36483731966 5
3.42470649797 3
4.06373228205 4
3.65155666269 3
4.04301473686 1
3.64464884354 4
4.26160723725 4
3.69382786095 3
3.97433361864 1
3.73900040148 2
3.87778660061 4
3.63349536242 4
3.83010227488 5
4.08453396254 4
3.61684936531 3
3.6478811907 2
3.67919972576 3
4.19558360434 3
3.7878192684 4
3.46063851143 3
3.73607707369 3
3.64073091358 3
4.0471207845 4
4.19565620149 4
3.02484891898 5
3.70685339307 1
2.69221937528 1
3.58131820019 4
3.8628262419 4
4.1044916534 5
3.81345293807 3
3.92649073543 5
3.74283390014 5
3.11899975651 3
3.64313491346 4
3.80900387903 2
3.75791558586 4
2.84340743552 1
4.03113477709 4
3.76135973538 3
4.0355417684 5
3.7009659773 1
3.46263528442 2
3.96451836305 4
3.40411705832 4
3.74688112803 3
3.73769719708 4
3.68789619939 4
4.02044520896 4
3.65026775719 3
3.25337569568 3
4.20619815563 5
4.42952369985 5
3.85127731014 4
4.65704447456 5
4.62583101673 5
3.50527483053 2
3.64275855384 5
3.98384308877 5
3.11016590485 4
3.13185795772 4
4.00633678125 3
3.95915674499 5
3.54781580574 4
3.44741990636 2
4.02804525836 5
4.24926697746 5
3.98506699148 5
3.91960752533 5
3.95993636567 4
3.71309175154 2
3.64834998644 4
3.58358524814 5
3.83729166699 4
3.70948621774 3
3.89217123469 5
3.61800313552 5
3.85406627845 5
3.37387526705 2
4.41641307627 4
4.95764960831 5
3.8106335722 5
3.47739890658 3
3.866530085 4
3.224820037 3
4.26665382839 4
3.92962167974 4
3.58226840078 4
3.90438951322 2
4.25341916958 5
3.43878597031 4
4.37489713957 5
3.89368748423 3
4.63970792542 5
4.16411925214 4
3.43280161742 1
4.050043898 4
4.00578241736 5
4.67097781327 5
3.94012623074 5
3.88984738896 4
3.53756012208 3
3.81493685966 4
3.9290847413 5
4.51762596407 5
3.79201619458 5
3.73318230589 5
4.35585126017 5
3.95295757345 4
4.29703012567 3
3.32119963164 1
4.38765824592 5
3.31155803629 4
3.39583965606 2
3.80548580007 4
3.88075796531 4
4.4464449234 5
3.23698359821 4
3.89857767113 4
4.12293866866 2
3.70881676405 4
3.76602965346 4
4.32852853695 5
3.96636407518 3
3.30945689315 4
3.51074334445 4
4.02912498654 5
3.10435259099 1
3.94124770218 4
4.06833872494 5
3.59138928598 4
3.83276526749 4
3.82104889328 4
3.65851385484 2
3.80323978114 5
3.5413782326 4
4.07371215003 4
4.01203798048 4
3.09715670079 4
3.79138853038 3
3.54087331108 2
2.76484437966 3
4.27261078997 3
4.01219409578 3
4.27111865542 4
3.5110006556 3
3.75395276335 5
3.79235978322 3
3.50988289604 4
3.46464709461 3
3.74691663679 3
3.20194651903 5
3.6294849518 4
3.78500457933 5
4.01827482877 1
3.64907321112 4
3.68405853026 4
3.41527701521 5
4.29785467346 4
3.75966220742 5
3.75365571075 4
3.79259157357 3
3.22320348471 4
3.77542093202 1
3.99269810562 3
3.57158560344 5
3.70919845309 4
3.66497123551 3
3.75594623973 5
3.69528738396 5
3.40731149685 4
3.73241137772 5
3.69282598224 4
3.70246859908 3
3.18953044639 3
3.36990446518 4
4.74411885207 4
4.13461067376 5
4.00698712553 4
4.4460478521 5
3.52367169308 4
3.54917935853 4
4.02710827412 3
3.25963711862 4
4.31276769528 5
3.94359245653 3
3.78126537987 5
3.52256312589 4
3.84303219939 3
3.90658108029 5
4.16113887519 5
3.60354600156 1
3.66590069176 5
3.77714563096 3
4.10637233177 4
3.91691944526 5
3.73641510953 3
3.4554204053 4
3.42978566135 4
4.44838917096 4
3.2577881627 4
3.88509853484 4
4.56890533253 5
4.03482530693 4
3.56316745629 4
3.9395922884 3
3.85683402597 4
3.88873643899 4
3.79221198034 4
3.22818112736 5
3.88145880555 4
3.78879150861 5
4.12236041984 3
3.45412299463 5
3.58285248589 4
4.16049970919 5
3.58521563305 4
3.83040593967 5
3.74460375979 4
2.88625760749 2
3.46708838375 3
3.59006694067 5
3.82577656201 5
3.60835806466 4
3.82095218473 4
4.16751504985 4
4.06166418456 3
3.34970115725 1
3.3390177707 5
4.21261066511 5
3.57255844242 4
3.23342862924 3
4.28333216809 4
4.31551198505 5
4.20749858643 5
3.91218238835 5
4.10892617408 5
3.46769474292 3
3.52423898133 3
3.84754843528 5
3.36761566485 1
4.34396010397 5
3.64829822978 4
4.175114228 5
3.43268636551 1
2.85263603089 2
4.12363181614 4
3.60571230911 4
3.76165984125 4
3.75927875078 3
3.75731951592 4
4.07138140262 4
3.70434425385 5
3.62112204537 4
3.32117993276 2
3.82743600062 4
4.54943391921 5
3.79833286919 1
3.71295971535 5
4.43502535962 5
3.62555376129 2
4.13084674652 5
4.33969562827 5
4.08429695953 4
3.88084503527 4
4.37482704486 4
3.69265301613 4
3.46406918371 4
3.66616390109 3
3.95204018086 4
3.82912317547 4
3.22405241058 3
3.56368926428 4
3.64151281409 4
3.88797926112 1
3.35667631411 1
4.14656185816 4
3.7430203049 3
2.95925729973 1
4.0925618474 4
4.31732887858 5
3.1641054573 4
3.70674459733 3
3.60233662236 4
4.03539050097 3
3.63769505147 5
4.40064986154 4
3.54392639197 5
3.70886304935 3
3.367920738 1
3.62437966427 4
3.43199960097 3
3.86985808227 4
3.55074259485 4
3.84788330104 3
4.28648335653 5
3.38792738589 4
3.62148551832 4
3.27948347973 4
3.38082105991 2
3.7678554079 4
3.90099008404 4
3.7072040954 4
4.01891168405 5
3.31304716143 2
3.569764311 4
3.93744799292 3
2.84839689298 3
3.87007685922 4
3.45063988239 4
3.76420196145 2
4.51793775872 5
3.83471673165 5
4.0994820897 2
3.34273430215 5
3.68908511674 5
3.16081351958 3
3.87738418004 4
3.77567874897 5
3.52818653943 4
3.37200744428 2
3.36759318197 3
3.91144260526 4
3.85687319655 5
4.23978852778 5
3.12436513954 4
3.3786937478 3
4.00700689399 1
4.00130135059 5
3.60836446302 4
3.39134997136 4
3.63441955393 5
3.41048932139 3
4.06674815183 4
3.59963964882 2
4.15555765086 2
4.34183566222 5
4.32912706314 5
3.61324114063 4
3.83002766266 4
3.80862416505 3
3.60170441484 2
3.87864531948 3
4.40563815733 5
4.02260189301 4
3.13849881789 2
4.01667403558 4
3.48449068729 3
3.7100455975 4
3.22947526372 4
3.73106202105 3
3.34680435401 4
3.69000296684 4
3.69848624054 4
3.57420936911 4
3.86201561076 5
3.69136088918 3
3.9107218738 1
3.13531298025 3
3.72040668526 2
3.96247177429 5
4.35041927317 5
3.70716054151 4
3.47716532212 5
3.62608126042 4
3.85018289135 3
3.93620288102 1
3.13332209925 3
3.3146142618 3
3.21237322673 1
3.78862618571 4
4.51448232399 4
4.13374892311 4
3.65790141477 3
3.94233419868 4
3.73014005606 1
3.60228973843 4
3.72519059038 3
2.80688577827 3
3.86111460977 2
3.67805860672 5
3.15277254089 1
3.80204994422 5
3.79184588183 4
4.23370461201 4
3.69142443239 3
3.55905642973 3
3.4236374884 3
3.68520763848 3
3.69553964557 4
3.7666125908 4
3.96997503041 5
3.21821399323 1
4.00663918554 3
3.83029150472 4
3.96115101321 4
4.19465369157 5
3.45950798048 3
4.29283390694 5
3.80639565033 1
3.57805613463 4
3.48770460978 3
3.75278717057 3
4.14900332093 4
3.52040811239 4
3.62588609864 4
2.85478748707 3
4.14456825008 5
4.03336405592 4
3.62564642668 4
3.99256413191 5
3.6892260194 4
3.69340256836 3
3.83918665718 4
3.54350791557 4
3.6859561271 3
4.08529314272 4
3.73579632473 5
3.49186586787 4
3.52097192086 3
3.88610826287 3
4.26216258342 5
3.68934950256 4
3.63907129043 3
3.58751326695 3
3.72763195391 4
3.87154320717 4
3.70522565435 3
3.98353993524 4
3.43686151381 3
4.47433474 4
3.47523395224 4
3.92343022141 4
4.07410415157 5
3.86253378176 2
3.76762324013 3
4.08809616042 3
3.73721682582 5
4.17059587744 5
4.4182330543 5
3.96104439634 5
3.93267145223 4
3.11427181731 3
3.95660443685 4
3.76334474033 4
3.87511386615 3
3.47798492813 4
4.48114907746 5
3.00248213045 1
3.37505157585 4
3.90677290658 5
3.43793326787 3
3.73860438025 4
3.73418610924 4
3.77553033215 5
3.85678657728 4
4.12236908905 4
3.60571901445 3
3.87948610369 4
3.52396309778 3
3.22582465533 2
2.99712905105 3
3.60600215183 1
4.48727704508 5
3.69045029528 3
3.83639429766 4
3.55950393879 2
3.57533941068 4
3.62109668492 4
3.16463900499 5
3.07819215274 3
3.80745994032 3
3.91478543153 4
3.26213948382 4
3.74184046168 3
3.5347761987 5
3.77014528715 2
3.50665602932 4
3.83656774527 5
3.3237933749 3
3.70387601034 4
4.10195394061 5
3.28059479334 2
3.60613332229 3
3.92944418911 5
3.88973212501 4
4.12312976519 4
3.41363173497 4
3.50815038911 2
3.83644357814 4
4.00493847507 4
3.59362696615 5
3.5168111976 3
4.3953338862 5
4.22754063944 5
3.28891644392 4
3.67616563 5
4.07662316262 5
3.79264432494 3
4.03565339217 5
3.11170718108 3
3.68481292154 4
3.55414599987 5
4.44224415055 5
3.99973914206 3
4.53202229581 4
3.94605126072 4
3.6808449652 5
3.37916160359 3
3.67779576781 5
3.74877979484 1
3.81228980867 4
3.52822802922 3
3.66657282903 4
4.37738929514 5
3.72899574862 5
3.96728814448 4
3.57887149087 2
4.32970119775 5
4.44652887994 5
3.7812022767 5
4.25364405745 3
3.514541604 3
3.8697647242 1
3.86921961863 3
4.24306173371 5
4.09589215079 4
3.76516521341 4
3.9789211088 4
3.62294812725 4
3.61157575178 4
4.34318517064 4
3.26477732639 3
4.08165420453 4
3.90260458677 5
4.05662031822 2
3.54433023294 4
3.75975447323 4
3.80252506251 5
3.84839708584 4
3.75851944218 4
3.16409688091 4
3.85041252109 4
4.55439473645 4
4.15292943174 4
2.99035325277 1
3.5285664791 3
4.0269163439 4
3.83101885659 5
3.833689903 1
3.38753202488 2
4.08923759068 5
3.50799014158 3
4.28971209229 4
3.91374062089 4
3.27073272207 4
3.84006884379 3
4.21888171069 3
3.87749738209 2
3.76793913934 4
3.74210490155 5
3.84737690577 3
3.9517741596 4
3.40843718305 3
3.88678489019 4
3.94108614374 4
3.63984318408 5
3.18300831668 4
3.78909388876 4
3.54017164916 1
3.40200755655 3
4.24107377785 5
3.98158661637 5
3.65759345538 4
3.77171872462 1
3.86237066586 2
4.35320618613 5
3.72706262067 3
3.50964362693 3
3.16188885093 4
3.90769650213 4
3.35509425294 3
4.1350372303 4
3.86617979645 5
3.86419834576 5
3.44857195051 2
3.92253345909 4
3.95610268534 4
3.05842597247 2
3.78423329162 4
4.20858064559 4
3.13215657642 3
4.35375188746 4
4.2224745929 4
3.9993082173 4
3.70878856314 4
3.69698365904 2
3.85608639069 4
3.79199956052 4
3.51826861796 4
3.83540209405 3
4.24513701441 5
4.31599479598 4
3.01540155383 4
4.6008125303 4
3.73451961851 5
3.99361637892 5
4.11633819847 3
3.3485825375 4
3.86911890392 2
3.36262686777 2
3.97839116555 4
3.17145748004 4
3.46094737979 4
4.54524991391 5
4.20869001298 4
3.84510189652 5
3.64129113367 4
3.41563506442 4
3.80930038837 4
3.47694682214 4
3.3743009988 3
3.82188645506 4
3.53920964505 1
3.82054335657 4
3.84738841518 4
4.41955407822 5
4.27870838979 5
3.4041307511 3
3.0588908225 4
3.87018633574 4
3.84926172058 2
3.41178519013 5
3.86732130053 4
3.27980392135 2
3.58747401942 5
4.50408895014 5
4.41432626505 5
4.02553244868 4
3.75369366695 3
3.59817420645 4
3.6222323234 4
3.84444802484 4
3.66431853452 1
3.53959125294 3
3.20695175782 4
3.65330939133 2
3.80945991243 4
3.80688043418 5
3.75443449112 4
3.87388611921 5
3.03352858466 2
3.84070676857 3
3.02025038153 3
3.29812774765 5
3.79271568414 2
3.66722587477 4
3.18249494448 3
3.5428132247 3
4.07614701992 4
4.0246229335 3
3.59840202759 3
3.33933719279 3
3.45357521335 1
4.13940201232 3
4.51431376109 3
3.36300896447 2
4.02648069885 5
3.30017220731 4
3.84151814189 3
3.68755443253 1
3.73595643014 4
4.00921955325 3
3.78309815783 5
3.34568964061 4
3.71693063252 4
3.91466413919 5
4.19715160443 3
3.52527367786 3
3.60957835944 2
3.3375383154 1
3.49956761127 4
4.02785458382 4
3.46020336884 4
3.4524681996 4
3.44744618785 5
3.66823619803 3
4.0362795042 4
4.05413829434 5
3.78252976826 4
3.93417999676 4
3.49896512124 3
3.46860103414 3
